54 81 3 4 3
1 0
0 45
9 36
18 27
0 -1
0 46
9 37
19 27
0 -1
0 47
9 38
20 27
0 -1
0 48
10 36
18 28
0 -1
0 49
10 37
19 28
0 -1
0 50
10 38
20 28
0 -1
0 51
11 36
18 29
0 -1
0 52
11 37
19 29
0 -1
0 53
11 38
20 29
0 -1
1 45
9 39
18 30
0 -1
1 46
9 40
19 30
0 -1
1 47
9 41
20 30
0 -1
1 48
10 39
18 31
0 -1
1 49
10 40
19 31
0 -1
1 50
10 41
20 31
0 -1
1 51
11 39
18 32
0 -1
1 52
11 40
19 32
0 -1
1 53
11 41
20 32
0 -1
2 45
9 42
18 33
0 -1
2 46
9 43
19 33
0 -1
2 47
9 44
20 33
0 -1
2 48
10 42
18 34
0 -1
2 49
10 43
19 34
0 -1
2 50
10 44
20 34
0 -1
2 51
11 42
18 35
0 -1
2 52
11 43
19 35
0 -1
2 53
11 44
20 35
0 -1
3 45
12 36
21 27
0 -1
3 46
12 37
22 27
0 -1
3 47
12 38
23 27
0 -1
3 48
13 36
21 28
0 -1
3 49
13 37
22 28
0 -1
3 50
13 38
23 28
0 -1
3 51
14 36
21 29
0 -1
3 52
14 37
22 29
0 -1
3 53
14 38
23 29
0 -1
4 45
12 39
21 30
0 -1
4 46
12 40
22 30
0 -1
4 47
12 41
23 30
0 -1
4 48
13 39
21 31
1 1
4 49
13 40
22 31
0 -1
4 50
13 41
23 31
0 -1
4 51
14 39
21 32
0 -1
4 52
14 40
22 32
0 -1
4 53
14 41
23 32
0 -1
5 45
12 42
21 33
0 -1
5 46
12 43
22 33
0 -1
5 47
12 44
23 33
0 -1
5 48
13 42
21 34
0 -1
5 49
13 43
22 34
0 -1
5 50
13 44
23 34
0 -1
5 51
14 42
21 35
0 -1
5 52
14 43
22 35
0 -1
5 53
14 44
23 35
0 -1
6 45
15 36
24 27
0 -1
6 46
15 37
25 27
0 -1
6 47
15 38
26 27
0 -1
6 48
16 36
24 28
0 -1
6 49
16 37
25 28
0 -1
6 50
16 38
26 28
0 -1
6 51
17 36
24 29
0 -1
6 52
17 37
25 29
0 -1
6 53
17 38
26 29
0 -1
7 45
15 39
24 30
0 -1
7 46
15 40
25 30
0 -1
7 47
15 41
26 30
0 -1
7 48
16 39
24 31
0 -1
7 49
16 40
25 31
0 -1
7 50
16 41
26 31
0 -1
7 51
17 39
24 32
0 -1
7 52
17 40
25 32
0 -1
7 53
17 41
26 32
0 -1
8 45
15 42
24 33
0 -1
8 46
15 43
25 33
0 -1
8 47
15 44
26 33
0 -1
8 48
16 42
24 34
0 -1
8 49
16 43
25 34
0 -1
8 50
16 44
26 34
0 -1
8 51
17 42
24 35
0 -1
8 52
17 43
25 35
1 2
8 53
17 44
26 35
